7583 7594 7586 7588 -120.0 2.5
7618 7621 7623 7625  0.0 0.0
7708 7719 7711 7713 -120.0 2.5
7743 7746 7748 7750  0.0 0.0
7833 7844 7836 7838 -120.0 2.5
7868 7871 7873 7875  0.0 0.0
7967 7978 7970 7972 -120.0 2.5
8002 8005 8007 8009  0.0 0.0
8092 8103 8095 8097 -120.0 2.5
8127 8130 8132 8134  0.0 0.0
8217 8228 8220 8222 -120.0 2.5
8252 8255 8257 8259  0.0 0.0
8351 8362 8354 8356 -120.0 2.5
8386 8389 8391 8393  0.0 0.0
8485 8496 8488 8490 -120.0 2.5
8520 8523 8525 8527  0.0 0.0
8619 8630 8622 8624 -120.0 2.5
8654 8657 8659 8661  0.0 0.0
8744 8755 8747 8749 -120.0 2.5
8779 8782 8784 8786  0.0 0.0
8878 8889 8881 8883 -120.0 2.5
8913 8916 8918 8920  0.0 0.0
9012 9023 9015 9017 -120.0 2.5
9047 9050 9052 9054  0.0 0.0
9146 9157 9149 9151 -120.0 2.5
9181 9184 9186 9188  0.0 0.0
9280 9291 9283 9285 -120.0 2.5
9315 9318 9320 9322  0.0 0.0
9414 9425 9417 9419 -120.0 2.5
9449 9452 9454 9456  0.0 0.0
9548 9559 9551 9553 -120.0 2.5
9583 9586 9588 9590  0.0 0.0
9682 9693 9685 9687 -120.0 2.5
9717 9720 9722 9724  0.0 0.0
9816 9827 9819 9821 -120.0 2.5
9851 9854 9856 9858  0.0 0.0
9950 9961 9953 9955 -120.0 2.5
9985 9988 9990 9992  0.0 0.0
10075 10086 10078 10080 -120.0 2.5
10110 10113 10115 10117  0.0 0.0
10209 10220 10212 10214 -120.0 2.5
10244 10247 10249 10251  0.0 0.0
10334 10345 10337 10339 -120.0 2.5
10369 10372 10374 10376  0.0 0.0
10468 10479 10471 10473 -120.0 2.5
10503 10506 10508 10510  0.0 0.0
10593 10604 10596 10598 -120.0 2.5
10628 10631 10633 10635  0.0 0.0
10727 10738 10730 10732 -120.0 2.5
10762 10765 10767 10769  0.0 0.0
10861 10872 10864 10866 -120.0 2.5
10896 10899 10901 10903  0.0 0.0
10995 11006 10998 11000 -120.0 2.5
11030 11033 11035 11037  0.0 0.0
11129 11140 11132 11134 -120.0 2.5
11164 11167 11169 11171  0.0 0.0
11254 11265 11257 11259 -120.0 2.5
11289 11292 11294 11296  0.0 0.0
11379 11390 11382 11384 -120.0 2.5
11414 11417 11419 11421  0.0 0.0
11513 11524 11516 11518 -120.0 2.5
11548 11551 11553 11555  0.0 0.0
11647 11658 11650 11652 -120.0 2.5
11682 11685 11687 11689  0.0 0.0
11772 11783 11775 11777 -120.0 2.5
11807 11810 11812 11814  0.0 0.0
11897 11908 11900 11902 -120.0 2.5
11932 11935 11937 11939  0.0 0.0
12031 12042 12034 12036 -120.0 2.5
12066 12069 12071 12073  0.0 0.0
12156 12167 12159 12161 -120.0 2.5
12191 12194 12196 12198  0.0 0.0
12281 12292 12284 12286 -120.0 2.5
12316 12319 12321 12323  0.0 0.0
12415 12426 12418 12420 -120.0 2.5
12450 12453 12455 12457  0.0 0.0
12549 12560 12552 12554 -120.0 2.5
12584 12587 12589 12591  0.0 0.0
12683 12694 12686 12688 -120.0 2.5
12718 12721 12723 12725  0.0 0.0
12817 12828 12820 12822 -120.0 2.5
12852 12855 12857 12859  0.0 0.0
12951 12962 12954 12956 -120.0 2.5
12986 12989 12991 12993  0.0 0.0
13085 13096 13088 13090 -120.0 2.5
13120 13123 13125 13127  0.0 0.0
13219 13230 13222 13224 -120.0 2.5
13254 13257 13259 13261  0.0 0.0
13353 13364 13356 13358 -120.0 2.5
13388 13391 13393 13395  0.0 0.0
13478 13489 13481 13483 -120.0 2.5
13513 13516 13518 13520  0.0 0.0
13612 13623 13615 13617 -120.0 2.5
13647 13650 13652 13654  0.0 0.0
13746 13757 13749 13751 -120.0 2.5
13781 13784 13786 13788  0.0 0.0
13880 13891 13883 13885 -120.0 2.5
13915 13918 13920 13922  0.0 0.0
14014 14025 14017 14019 -120.0 2.5
14049 14052 14054 14056  0.0 0.0
14148 14159 14151 14153 -120.0 2.5
14183 14186 14188 14190  0.0 0.0
14282 14293 14285 14287 -120.0 2.5
14317 14320 14322 14324  0.0 0.0
14407 14418 14410 14412 -120.0 2.5
14442 14445 14447 14449  0.0 0.0
14541 14552 14544 14546 -120.0 2.5
14576 14579 14581 14583  0.0 0.0
14675 14686 14678 14680 -120.0 2.5
14710 14713 14715 14717  0.0 0.0
14809 14820 14812 14814 -120.0 2.5
14844 14847 14849 14851  0.0 0.0
14943 14954 14946 14948 -120.0 2.5
14978 14981 14983 14985  0.0 0.0
15077 15088 15080 15082 -120.0 2.5
15112 15115 15117 15119  0.0 0.0
15211 15222 15214 15216 -120.0 2.5
15246 15249 15251 15253  0.0 0.0
15336 15347 15339 15341 -120.0 2.5
15371 15374 15376 15378  0.0 0.0
15470 15481 15473 15475 -120.0 2.5
15505 15508 15510 15512  0.0 0.0
15595 15606 15598 15600 -120.0 2.5
15630 15633 15635 15637  0.0 0.0
15729 15740 15732 15734 -120.0 2.5
15764 15767 15769 15771  0.0 0.0
15863 15874 15866 15868 -120.0 2.5
15898 15901 15903 15905  0.0 0.0
15988 15999 15991 15993 -120.0 2.5
16023 16026 16028 16030  0.0 0.0
16113 16124 16116 16118 -120.0 2.5
16148 16151 16153 16155  0.0 0.0
16247 16258 16250 16252 -120.0 2.5
16282 16285 16287 16289  0.0 0.0
16381 16392 16384 16386 -120.0 2.5
16416 16419 16421 16423  0.0 0.0
16506 16517 16509 16511 -120.0 2.5
16541 16544 16546 16548  0.0 0.0
16640 16651 16643 16645 -120.0 2.5
16675 16678 16680 16682  0.0 0.0
16774 16785 16777 16779 -120.0 2.5
16809 16812 16814 16816  0.0 0.0
16908 16919 16911 16913 -120.0 2.5
16943 16946 16948 16950  0.0 0.0
17033 17044 17036 17038 -120.0 2.5
17068 17071 17073 17075  0.0 0.0
17167 17178 17170 17172 -120.0 2.5
17202 17205 17207 17209  0.0 0.0
17292 17303 17295 17297 -120.0 2.5
17327 17330 17332 17334  0.0 0.0
17426 17437 17429 17431 -120.0 2.5
17461 17464 17466 17468  0.0 0.0
17560 17571 17563 17565 -120.0 2.5
17595 17598 17600 17602  0.0 0.0
17694 17705 17697 17699 -120.0 2.5
17729 17732 17734 17736  0.0 0.0
17819 17830 17822 17824 -120.0 2.5
17854 17857 17859 17861  0.0 0.0
17953 17964 17956 17958 -120.0 2.5
17988 17991 17993 17995  0.0 0.0
18078 18089 18081 18083 -120.0 2.5
18113 18116 18118 18120  0.0 0.0
18212 18223 18215 18217 -120.0 2.5
18247 18250 18252 18254  0.0 0.0
18346 18357 18349 18351 -120.0 2.5
18381 18384 18386 18388  0.0 0.0
18480 18491 18483 18485 -120.0 2.5
18515 18518 18520 18522  0.0 0.0
18614 18625 18617 18619 -120.0 2.5
18649 18652 18654 18656  0.0 0.0
18748 18759 18751 18753 -120.0 2.5
18783 18786 18788 18790  0.0 0.0
18882 18893 18885 18887 -120.0 2.5
18917 18920 18922 18924  0.0 0.0
19007 19018 19010 19012 -120.0 2.5
19042 19045 19047 19049  0.0 0.0
19141 19152 19144 19146 -120.0 2.5
19176 19179 19181 19183  0.0 0.0
19275 19286 19278 19280 -120.0 2.5
19310 19313 19315 19317  0.0 0.0
19409 19420 19412 19414 -120.0 2.5
19444 19447 19449 19451  0.0 0.0
19534 19545 19537 19539 -120.0 2.5
19569 19572 19574 19576  0.0 0.0
19668 19679 19671 19673 -120.0 2.5
19703 19706 19708 19710  0.0 0.0
19802 19813 19805 19807 -120.0 2.5
19837 19840 19842 19844  0.0 0.0
19927 19938 19930 19932 -120.0 2.5
19962 19965 19967 19969  0.0 0.0
20061 20072 20064 20066 -120.0 2.5
20096 20099 20101 20103  0.0 0.0
20195 20206 20198 20200 -120.0 2.5
20230 20233 20235 20237  0.0 0.0
20320 20331 20323 20325 -120.0 2.5
20355 20358 20360 20362  0.0 0.0
20454 20465 20457 20459 -120.0 2.5
20489 20492 20494 20496  0.0 0.0
20588 20599 20591 20593 -120.0 2.5
20623 20626 20628 20630  0.0 0.0
20722 20733 20725 20727 -120.0 2.5
20757 20760 20762 20764  0.0 0.0
20847 20858 20850 20852 -120.0 2.5
20882 20885 20887 20889  0.0 0.0
20981 20992 20984 20986 -120.0 2.5
21016 21019 21021 21023  0.0 0.0
21115 21126 21118 21120 -120.0 2.5
21150 21153 21155 21157  0.0 0.0
21240 21251 21243 21245 -120.0 2.5
21275 21278 21280 21282  0.0 0.0
21374 21385 21377 21379 -120.0 2.5
21409 21412 21414 21416  0.0 0.0
21508 21519 21511 21513 -120.0 2.5
21543 21546 21548 21550  0.0 0.0
21642 21653 21645 21647 -120.0 2.5
21677 21680 21682 21684  0.0 0.0
21776 21787 21779 21781 -120.0 2.5
21811 21814 21816 21818  0.0 0.0
21910 21921 21913 21915 -120.0 2.5
21945 21948 21950 21952  0.0 0.0
22035 22046 22038 22040 -120.0 2.5
22070 22073 22075 22077  0.0 0.0
22160 22171 22163 22165 -120.0 2.5
22195 22198 22200 22202  0.0 0.0
22294 22305 22297 22299 -120.0 2.5
22329 22332 22334 22336  0.0 0.0
22428 22439 22431 22433 -120.0 2.5
22463 22466 22468 22470  0.0 0.0
22562 22573 22565 22567 -120.0 2.5
22597 22600 22602 22604  0.0 0.0
22687 22698 22690 22692 -120.0 2.5
22722 22725 22727 22729  0.0 0.0
22821 22832 22824 22826 -120.0 2.5
22856 22859 22861 22863  0.0 0.0
22955 22966 22958 22960 -120.0 2.5
22990 22993 22995 22997  0.0 0.0
23089 23100 23092 23094 -120.0 2.5
23124 23127 23129 23131  0.0 0.0
23214 23225 23217 23219 -120.0 2.5
23249 23252 23254 23256  0.0 0.0
23348 23359 23351 23353 -120.0 2.5
23383 23386 23388 23390  0.0 0.0
23482 23493 23485 23487 -120.0 2.5
23517 23520 23522 23524  0.0 0.0
23607 23618 23610 23612 -120.0 2.5
23642 23645 23647 23649  0.0 0.0
23741 23752 23744 23746 -120.0 2.5
23776 23779 23781 23783  0.0 0.0
23875 23886 23878 23880 -120.0 2.5
23910 23913 23915 23917  0.0 0.0
24009 24020 24012 24014 -120.0 2.5
24044 24047 24049 24051  0.0 0.0
24143 24154 24146 24148 -120.0 2.5
24178 24181 24183 24185  0.0 0.0
24277 24288 24280 24282 -120.0 2.5
24312 24315 24317 24319  0.0 0.0
24411 24422 24414 24416 -120.0 2.5
24446 24449 24451 24453  0.0 0.0
24545 24556 24548 24550 -120.0 2.5
24580 24583 24585 24587  0.0 0.0
24679 24690 24682 24684 -120.0 2.5
24714 24717 24719 24721  0.0 0.0
24813 24824 24816 24818 -120.0 2.5
24848 24851 24853 24855  0.0 0.0
24947 24958 24950 24952 -120.0 2.5
24982 24985 24987 24989  0.0 0.0
25081 25092 25084 25086 -120.0 2.5
25116 25119 25121 25123  0.0 0.0
25215 25226 25218 25220 -120.0 2.5
25250 25253 25255 25257  0.0 0.0
25340 25351 25343 25345 -120.0 2.5
25375 25378 25380 25382  0.0 0.0
25474 25485 25477 25479 -120.0 2.5
25509 25512 25514 25516  0.0 0.0
25608 25619 25611 25613 -120.0 2.5
25643 25646 25648 25650  0.0 0.0
25733 25744 25736 25738 -120.0 2.5
25768 25771 25773 25775  0.0 0.0
25867 25878 25870 25872 -120.0 2.5
25902 25905 25907 25909  0.0 0.0
26001 26012 26004 26006 -120.0 2.5
26036 26039 26041 26043  0.0 0.0
26135 26146 26138 26140 -120.0 2.5
26170 26173 26175 26177  0.0 0.0
26269 26280 26272 26274 -120.0 2.5
26304 26307 26309 26311  0.0 0.0
26403 26414 26406 26408 -120.0 2.5
26438 26441 26443 26445  0.0 0.0
26537 26548 26540 26542 -120.0 2.5
26572 26575 26577 26579  0.0 0.0
26671 26682 26674 26676 -120.0 2.5
26706 26709 26711 26713  0.0 0.0
26805 26816 26808 26810 -120.0 2.5
26840 26843 26845 26847  0.0 0.0
26939 26950 26942 26944 -120.0 2.5
26974 26977 26979 26981  0.0 0.0
27064 27075 27067 27069 -120.0 2.5
27099 27102 27104 27106  0.0 0.0
27189 27200 27192 27194 -120.0 2.5
27224 27227 27229 27231  0.0 0.0
27323 27334 27326 27328 -120.0 2.5
27358 27361 27363 27365  0.0 0.0
27457 27468 27460 27462 -120.0 2.5
27492 27495 27497 27499  0.0 0.0
27591 27602 27594 27596 -120.0 2.5
27626 27629 27631 27633  0.0 0.0
27725 27736 27728 27730 -120.0 2.5
27760 27763 27765 27767  0.0 0.0
27859 27870 27862 27864 -120.0 2.5
27894 27897 27899 27901  0.0 0.0
27993 28004 27996 27998 -120.0 2.5
28028 28031 28033 28035  0.0 0.0
28118 28129 28121 28123 -120.0 2.5
28153 28156 28158 28160  0.0 0.0
28243 28254 28246 28248 -120.0 2.5
28278 28281 28283 28285  0.0 0.0
28377 28388 28380 28382 -120.0 2.5
28412 28415 28417 28419  0.0 0.0
28511 28522 28514 28516 -120.0 2.5
28546 28549 28551 28553  0.0 0.0
28645 28656 28648 28650 -120.0 2.5
28680 28683 28685 28687  0.0 0.0
28770 28781 28773 28775 -120.0 2.5
28805 28808 28810 28812  0.0 0.0
28895 28906 28898 28900 -120.0 2.5
28930 28933 28935 28937  0.0 0.0
29029 29040 29032 29034 -120.0 2.5
29064 29067 29069 29071  0.0 0.0
29163 29174 29166 29168 -120.0 2.5
29198 29201 29203 29205  0.0 0.0
29297 29308 29300 29302 -120.0 2.5
29332 29335 29337 29339  0.0 0.0
29431 29442 29434 29436 -120.0 2.5
29466 29469 29471 29473  0.0 0.0
29565 29576 29568 29570 -120.0 2.5
29600 29603 29605 29607  0.0 0.0
29699 29710 29702 29704 -120.0 2.5
29734 29737 29739 29741  0.0 0.0
29833 29844 29836 29838 -120.0 2.5
29868 29871 29873 29875  0.0 0.0
29967 29978 29970 29972 -120.0 2.5
30002 30005 30007 30009  0.0 0.0
30092 30103 30095 30097 -120.0 2.5
30127 30130 30132 30134  0.0 0.0
30226 30237 30229 30231 -120.0 2.5
30261 30264 30266 30268  0.0 0.0
30360 30371 30363 30365 -120.0 2.5
30395 30398 30400 30402  0.0 0.0
30494 30505 30497 30499 -120.0 2.5
30529 30532 30534 30536  0.0 0.0
30628 30639 30631 30633 -120.0 2.5
30663 30666 30668 30670  0.0 0.0
30762 30773 30765 30767 -120.0 2.5
30797 30800 30802 30804  0.0 0.0
30896 30907 30899 30901 -120.0 2.5
30931 30934 30936 30938  0.0 0.0
31021 31032 31024 31026 -120.0 2.5
31056 31059 31061 31063  0.0 0.0
31155 31166 31158 31160 -120.0 2.5
31190 31193 31195 31197  0.0 0.0
31289 31300 31292 31294 -120.0 2.5
31324 31327 31329 31331  0.0 0.0
31423 31434 31426 31428 -120.0 2.5
31458 31461 31463 31465  0.0 0.0
31548 31559 31551 31553 -120.0 2.5
31583 31586 31588 31590  0.0 0.0
31682 31693 31685 31687 -120.0 2.5
31717 31720 31722 31724  0.0 0.0
31816 31827 31819 31821 -120.0 2.5
31851 31854 31856 31858  0.0 0.0
31941 31952 31944 31946 -120.0 2.5
31976 31979 31981 31983  0.0 0.0
32075 32086 32078 32080 -120.0 2.5
32110 32113 32115 32117  0.0 0.0
32209 32220 32212 32214 -120.0 2.5
32244 32247 32249 32251  0.0 0.0
32343 32354 32346 32348 -120.0 2.5
32378 32381 32383 32385  0.0 0.0
32477 32488 32480 32482 -120.0 2.5
32512 32515 32517 32519  0.0 0.0
32611 32622 32614 32616 -120.0 2.5
32646 32649 32651 32653  0.0 0.0
32745 32756 32748 32750 -120.0 2.5
32780 32783 32785 32787  0.0 0.0
32879 32890 32882 32884 -120.0 2.5
32914 32917 32919 32921  0.0 0.0
33013 33024 33016 33018 -120.0 2.5
33048 33051 33053 33055  0.0 0.0
33138 33149 33141 33143 -120.0 2.5
33173 33176 33178 33180  0.0 0.0
33272 33283 33275 33277 -120.0 2.5
33307 33310 33312 33314  0.0 0.0
33406 33417 33409 33411 -120.0 2.5
33441 33444 33446 33448  0.0 0.0
33540 33551 33543 33545 -120.0 2.5
33575 33578 33580 33582  0.0 0.0
33665 33676 33668 33670 -120.0 2.5
33700 33703 33705 33707  0.0 0.0
33799 33810 33802 33804 -120.0 2.5
33834 33837 33839 33841  0.0 0.0
33933 33944 33936 33938 -120.0 2.5
33968 33971 33973 33975  0.0 0.0
34067 34078 34070 34072 -120.0 2.5
34102 34105 34107 34109  0.0 0.0
34201 34212 34204 34206 -120.0 2.5
34236 34239 34241 34243  0.0 0.0
34335 34346 34338 34340 -120.0 2.5
34370 34373 34375 34377  0.0 0.0
34460 34471 34463 34465 -120.0 2.5
34495 34498 34500 34502  0.0 0.0
34585 34596 34588 34590 -120.0 2.5
34620 34623 34625 34627  0.0 0.0
34710 34721 34713 34715 -120.0 2.5
34745 34748 34750 34752  0.0 0.0
34844 34855 34847 34849 -120.0 2.5
34879 34882 34884 34886  0.0 0.0
34978 34989 34981 34983 -120.0 2.5
35013 35016 35018 35020  0.0 0.0
35112 35123 35115 35117 -120.0 2.5
35147 35150 35152 35154  0.0 0.0
35246 35257 35249 35251 -120.0 2.5
35281 35284 35286 35288  0.0 0.0
35380 35391 35383 35385 -120.0 2.5
35415 35418 35420 35422  0.0 0.0
35514 35525 35517 35519 -120.0 2.5
35549 35552 35554 35556  0.0 0.0
35648 35659 35651 35653 -120.0 2.5
35683 35686 35688 35690  0.0 0.0
35782 35793 35785 35787 -120.0 2.5
35817 35820 35822 35824  0.0 0.0
35907 35918 35910 35912 -120.0 2.5
35942 35945 35947 35949  0.0 0.0
36041 36052 36044 36046 -120.0 2.5
36076 36079 36081 36083  0.0 0.0
36175 36186 36178 36180 -120.0 2.5
36210 36213 36215 36217  0.0 0.0
36309 36320 36312 36314 -120.0 2.5
36344 36347 36349 36351  0.0 0.0
36434 36445 36437 36439 -120.0 2.5
36469 36472 36474 36476  0.0 0.0
36568 36579 36571 36573 -120.0 2.5
36603 36606 36608 36610  0.0 0.0
36702 36713 36705 36707 -120.0 2.5
36737 36740 36742 36744  0.0 0.0
36836 36847 36839 36841 -120.0 2.5
36871 36874 36876 36878  0.0 0.0
36970 36981 36973 36975 -120.0 2.5
37005 37008 37010 37012  0.0 0.0
37104 37115 37107 37109 -120.0 2.5
37139 37142 37144 37146  0.0 0.0
37238 37249 37241 37243 -120.0 2.5
37273 37276 37278 37280  0.0 0.0
37372 37383 37375 37377 -120.0 2.5
37407 37410 37412 37414  0.0 0.0
37506 37517 37509 37511 -120.0 2.5
37541 37544 37546 37548  0.0 0.0
37631 37642 37634 37636 -120.0 2.5
37666 37669 37671 37673  0.0 0.0
37765 37776 37768 37770 -120.0 2.5
37800 37803 37805 37807  0.0 0.0
37899 37910 37902 37904 -120.0 2.5
37934 37937 37939 37941  0.0 0.0
38033 38044 38036 38038 -120.0 2.5
38068 38071 38073 38075  0.0 0.0
38158 38169 38161 38163 -120.0 2.5
38193 38196 38198 38200  0.0 0.0
38292 38303 38295 38297 -120.0 2.5
38327 38330 38332 38334  0.0 0.0
38426 38437 38429 38431 -120.0 2.5
38461 38464 38466 38468  0.0 0.0
38560 38571 38563 38565 -120.0 2.5
38595 38598 38600 38602  0.0 0.0
38694 38705 38697 38699 -120.0 2.5
38729 38732 38734 38736  0.0 0.0
38828 38839 38831 38833 -120.0 2.5
38863 38866 38868 38870  0.0 0.0
38962 38973 38965 38967 -120.0 2.5
38997 39000 39002 39004  0.0 0.0
39096 39107 39099 39101 -120.0 2.5
39131 39134 39136 39138  0.0 0.0
39221 39232 39224 39226 -120.0 2.5
39256 39259 39261 39263  0.0 0.0
39346 39357 39349 39351 -120.0 2.5
39381 39384 39386 39388  0.0 0.0
39480 39491 39483 39485 -120.0 2.5
39515 39518 39520 39522  0.0 0.0
39605 39616 39608 39610 -120.0 2.5
39640 39643 39645 39647  0.0 0.0
39739 39750 39742 39744 -120.0 2.5
39774 39777 39779 39781  0.0 0.0
39873 39884 39876 39878 -120.0 2.5
39908 39911 39913 39915  0.0 0.0
39998 40009 40001 40003 -120.0 2.5
40033 40036 40038 40040  0.0 0.0
40123 40134 40126 40128 -120.0 2.5
40158 40161 40163 40165  0.0 0.0
40257 40268 40260 40262 -120.0 2.5
40292 40295 40297 40299  0.0 0.0
40382 40393 40385 40387 -120.0 2.5
40417 40420 40422 40424  0.0 0.0
40516 40527 40519 40521 -120.0 2.5
40551 40554 40556 40558  0.0 0.0
40641 40652 40644 40646 -120.0 2.5
40676 40679 40681 40683  0.0 0.0
40775 40786 40778 40780 -120.0 2.5
40810 40813 40815 40817  0.0 0.0
40909 40920 40912 40914 -120.0 2.5
40944 40947 40949 40951  0.0 0.0
41043 41054 41046 41048 -120.0 2.5
41078 41081 41083 41085  0.0 0.0
41177 41188 41180 41182 -120.0 2.5
41212 41215 41217 41219  0.0 0.0
41302 41313 41305 41307 -120.0 2.5
41337 41340 41342 41344  0.0 0.0
41436 41447 41439 41441 -120.0 2.5
41471 41474 41476 41478  0.0 0.0
41561 41572 41564 41566 -120.0 2.5
41596 41599 41601 41603  0.0 0.0
41695 41706 41698 41700 -120.0 2.5
41730 41733 41735 41737  0.0 0.0
41820 41831 41823 41825 -120.0 2.5
41855 41858 41860 41862  0.0 0.0
41954 41965 41957 41959 -120.0 2.5
41989 41992 41994 41996  0.0 0.0
42088 42099 42091 42093 -120.0 2.5
42123 42126 42128 42130  0.0 0.0
42213 42224 42216 42218 -120.0 2.5
42248 42251 42253 42255  0.0 0.0
42338 42349 42341 42343 -120.0 2.5
42373 42376 42378 42380  0.0 0.0
42463 42474 42466 42468 -120.0 2.5
42498 42501 42503 42505  0.0 0.0
42588 42599 42591 42593 -120.0 2.5
42623 42626 42628 42630  0.0 0.0
42722 42733 42725 42727 -120.0 2.5
42757 42760 42762 42764  0.0 0.0
42847 42858 42850 42852 -120.0 2.5
42882 42885 42887 42889  0.0 0.0
42981 42992 42984 42986 -120.0 2.5
43016 43019 43021 43023  0.0 0.0
43115 43126 43118 43120 -120.0 2.5
43150 43153 43155 43157  0.0 0.0
43249 43260 43252 43254 -120.0 2.5
43284 43287 43289 43291  0.0 0.0
43383 43394 43386 43388 -120.0 2.5
43418 43421 43423 43425  0.0 0.0
43517 43528 43520 43522 -120.0 2.5
43552 43555 43557 43559  0.0 0.0
43651 43662 43654 43656 -120.0 2.5
43686 43689 43691 43693  0.0 0.0
43785 43796 43788 43790 -120.0 2.5
43820 43823 43825 43827  0.0 0.0
43919 43930 43922 43924 -120.0 2.5
43954 43957 43959 43961  0.0 0.0
44053 44064 44056 44058 -120.0 2.5
44088 44091 44093 44095  0.0 0.0
44187 44198 44190 44192 -120.0 2.5
44222 44225 44227 44229  0.0 0.0
44321 44332 44324 44326 -120.0 2.5
44356 44359 44361 44363  0.0 0.0
44446 44457 44449 44451 -120.0 2.5
44481 44484 44486 44488  0.0 0.0
44580 44591 44583 44585 -120.0 2.5
44615 44618 44620 44622  0.0 0.0
44714 44725 44717 44719 -120.0 2.5
44749 44752 44754 44756  0.0 0.0
44848 44859 44851 44853 -120.0 2.5
44883 44886 44888 44890  0.0 0.0
44982 44993 44985 44987 -120.0 2.5
45017 45020 45022 45024  0.0 0.0
45116 45127 45119 45121 -120.0 2.5
45151 45154 45156 45158  0.0 0.0
45250 45261 45253 45255 -120.0 2.5
45285 45288 45290 45292  0.0 0.0
45384 45395 45387 45389 -120.0 2.5
45419 45422 45424 45426  0.0 0.0
45518 45529 45521 45523 -120.0 2.5
45553 45556 45558 45560  0.0 0.0
45643 45654 45646 45648 -120.0 2.5
45678 45681 45683 45685  0.0 0.0
45768 45779 45771 45773 -120.0 2.5
45803 45806 45808 45810  0.0 0.0
45902 45913 45905 45907 -120.0 2.5
45937 45940 45942 45944  0.0 0.0
46036 46047 46039 46041 -120.0 2.5
46071 46074 46076 46078  0.0 0.0
46161 46172 46164 46166 -120.0 2.5
46196 46199 46201 46203  0.0 0.0
46286 46297 46289 46291 -120.0 2.5
46321 46324 46326 46328  0.0 0.0
46420 46431 46423 46425 -120.0 2.5
46455 46458 46460 46462  0.0 0.0
46545 46556 46548 46550 -120.0 2.5
46580 46583 46585 46587  0.0 0.0
46679 46690 46682 46684 -120.0 2.5
46714 46717 46719 46721  0.0 0.0
46813 46824 46816 46818 -120.0 2.5
46848 46851 46853 46855  0.0 0.0
46947 46958 46950 46952 -120.0 2.5
46982 46985 46987 46989  0.0 0.0
47081 47092 47084 47086 -120.0 2.5
47116 47119 47121 47123  0.0 0.0
47206 47217 47209 47211 -120.0 2.5
47241 47244 47246 47248  0.0 0.0
47340 47351 47343 47345 -120.0 2.5
47375 47378 47380 47382  0.0 0.0
47465 47476 47468 47470 -120.0 2.5
47500 47503 47505 47507  0.0 0.0
47599 47610 47602 47604 -120.0 2.5
47634 47637 47639 47641  0.0 0.0
47733 47744 47736 47738 -120.0 2.5
47768 47771 47773 47775  0.0 0.0
47858 47869 47861 47863 -120.0 2.5
47893 47896 47898 47900  0.0 0.0
47983 47994 47986 47988 -120.0 2.5
48018 48021 48023 48025  0.0 0.0
48108 48119 48111 48113 -120.0 2.5
48143 48146 48148 48150  0.0 0.0
48242 48253 48245 48247 -120.0 2.5
48277 48280 48282 48284  0.0 0.0
48376 48387 48379 48381 -120.0 2.5
48411 48414 48416 48418  0.0 0.0
48510 48521 48513 48515 -120.0 2.5
48545 48548 48550 48552  0.0 0.0
48644 48655 48647 48649 -120.0 2.5
48679 48682 48684 48686  0.0 0.0
48778 48789 48781 48783 -120.0 2.5
48813 48816 48818 48820  0.0 0.0
48912 48923 48915 48917 -120.0 2.5
48947 48950 48952 48954  0.0 0.0
49046 49057 49049 49051 -120.0 2.5
49081 49084 49086 49088  0.0 0.0
49180 49191 49183 49185 -120.0 2.5
49215 49218 49220 49222  0.0 0.0
49314 49325 49317 49319 -120.0 2.5
49349 49352 49354 49356  0.0 0.0
49448 49459 49451 49453 -120.0 2.5
49483 49486 49488 49490  0.0 0.0
49582 49593 49585 49587 -120.0 2.5
49617 49620 49622 49624  0.0 0.0
49716 49727 49719 49721 -120.0 2.5
49751 49754 49756 49758  0.0 0.0
49850 49861 49853 49855 -120.0 2.5
49885 49888 49890 49892  0.0 0.0
49975 49986 49978 49980 -120.0 2.5
50010 50013 50015 50017  0.0 0.0
50109 50120 50112 50114 -120.0 2.5
50144 50147 50149 50151  0.0 0.0
50243 50254 50246 50248 -120.0 2.5
50278 50281 50283 50285  0.0 0.0
50368 50379 50371 50373 -120.0 2.5
50403 50406 50408 50410  0.0 0.0
50502 50513 50505 50507 -120.0 2.5
50537 50540 50542 50544  0.0 0.0
50636 50647 50639 50641 -120.0 2.5
50671 50674 50676 50678  0.0 0.0
50770 50781 50773 50775 -120.0 2.5
50805 50808 50810 50812  0.0 0.0
50904 50915 50907 50909 -120.0 2.5
50939 50942 50944 50946  0.0 0.0
51029 51040 51032 51034 -120.0 2.5
51064 51067 51069 51071  0.0 0.0
51163 51174 51166 51168 -120.0 2.5
51198 51201 51203 51205  0.0 0.0
51288 51299 51291 51293 -120.0 2.5
51323 51326 51328 51330  0.0 0.0
51413 51424 51416 51418 -120.0 2.5
51448 51451 51453 51455  0.0 0.0
51547 51558 51550 51552 -120.0 2.5
51582 51585 51587 51589  0.0 0.0
51681 51692 51684 51686 -120.0 2.5
51716 51719 51721 51723  0.0 0.0
51815 51826 51818 51820 -120.0 2.5
51850 51853 51855 51857  0.0 0.0
51949 51960 51952 51954 -120.0 2.5
51984 51987 51989 51991  0.0 0.0
52083 52094 52086 52088 -120.0 2.5
52118 52121 52123 52125  0.0 0.0
52217 52228 52220 52222 -120.0 2.5
52252 52255 52257 52259  0.0 0.0
52351 52362 52354 52356 -120.0 2.5
52386 52389 52391 52393  0.0 0.0
52476 52487 52479 52481 -120.0 2.5
52511 52514 52516 52518  0.0 0.0
52601 52612 52604 52606 -120.0 2.5
52636 52639 52641 52643  0.0 0.0
52735 52746 52738 52740 -120.0 2.5
52770 52773 52775 52777  0.0 0.0
52869 52880 52872 52874 -120.0 2.5
52904 52907 52909 52911  0.0 0.0
53003 53014 53006 53008 -120.0 2.5
53038 53041 53043 53045  0.0 0.0
53137 53148 53140 53142 -120.0 2.5
53172 53175 53177 53179  0.0 0.0
53271 53282 53274 53276 -120.0 2.5
53306 53309 53311 53313  0.0 0.0
53405 53416 53408 53410 -120.0 2.5
53440 53443 53445 53447  0.0 0.0
53539 53550 53542 53544 -120.0 2.5
53574 53577 53579 53581  0.0 0.0
53673 53684 53676 53678 -120.0 2.5
53708 53711 53713 53715  0.0 0.0
53807 53818 53810 53812 -120.0 2.5
53842 53845 53847 53849  0.0 0.0
53941 53952 53944 53946 -120.0 2.5
53976 53979 53981 53983  0.0 0.0
54066 54077 54069 54071 -120.0 2.5
54101 54104 54106 54108  0.0 0.0
54200 54211 54203 54205 -120.0 2.5
54235 54238 54240 54242  0.0 0.0
54334 54345 54337 54339 -120.0 2.5
54369 54372 54374 54376  0.0 0.0
54468 54479 54471 54473 -120.0 2.5
54503 54506 54508 54510  0.0 0.0
54602 54613 54605 54607 -120.0 2.5
54637 54640 54642 54644  0.0 0.0
54736 54747 54739 54741 -120.0 2.5
54771 54774 54776 54778  0.0 0.0
54870 54881 54873 54875 -120.0 2.5
54905 54908 54910 54912  0.0 0.0
55004 55015 55007 55009 -120.0 2.5
55039 55042 55044 55046  0.0 0.0
55138 55149 55141 55143 -120.0 2.5
55173 55176 55178 55180  0.0 0.0
55272 55283 55275 55277 -120.0 2.5
55307 55310 55312 55314  0.0 0.0
55406 55417 55409 55411 -120.0 2.5
55441 55444 55446 55448  0.0 0.0
55540 55551 55543 55545 -120.0 2.5
55575 55578 55580 55582  0.0 0.0
55674 55685 55677 55679 -120.0 2.5
55709 55712 55714 55716  0.0 0.0
55808 55819 55811 55813 -120.0 2.5
55843 55846 55848 55850  0.0 0.0
55942 55953 55945 55947 -120.0 2.5
55977 55980 55982 55984  0.0 0.0
56067 56078 56070 56072 -120.0 2.5
56102 56105 56107 56109  0.0 0.0
56201 56212 56204 56206 -120.0 2.5
56236 56239 56241 56243  0.0 0.0
56335 56346 56338 56340 -120.0 2.5
56370 56373 56375 56377  0.0 0.0
56460 56471 56463 56465 -120.0 2.5
56495 56498 56500 56502  0.0 0.0
56594 56605 56597 56599 -120.0 2.5
56629 56632 56634 56636  0.0 0.0
56719 56730 56722 56724 -120.0 2.5
56754 56757 56759 56761  0.0 0.0
56853 56864 56856 56858 -120.0 2.5
56888 56891 56893 56895  0.0 0.0
56987 56998 56990 56992 -120.0 2.5
57022 57025 57027 57029  0.0 0.0
57121 57132 57124 57126 -120.0 2.5
57156 57159 57161 57163  0.0 0.0
57255 57266 57258 57260 -120.0 2.5
57290 57293 57295 57297  0.0 0.0
57389 57400 57392 57394 -120.0 2.5
57424 57427 57429 57431  0.0 0.0
57514 57525 57517 57519 -120.0 2.5
57549 57552 57554 57556  0.0 0.0
57639 57650 57642 57644 -120.0 2.5
57674 57677 57679 57681  0.0 0.0
57773 57784 57776 57778 -120.0 2.5
57808 57811 57813 57815  0.0 0.0
57907 57918 57910 57912 -120.0 2.5
57942 57945 57947 57949  0.0 0.0
58041 58052 58044 58046 -120.0 2.5
58076 58079 58081 58083  0.0 0.0
58166 58177 58169 58171 -120.0 2.5
58201 58204 58206 58208  0.0 0.0
58291 58302 58294 58296 -120.0 2.5
58326 58329 58331 58333  0.0 0.0
58425 58436 58428 58430 -120.0 2.5
58460 58463 58465 58467  0.0 0.0
58550 58561 58553 58555 -120.0 2.5
58585 58588 58590 58592  0.0 0.0
58684 58695 58687 58689 -120.0 2.5
58719 58722 58724 58726  0.0 0.0
58818 58829 58821 58823 -120.0 2.5
58853 58856 58858 58860  0.0 0.0
58952 58963 58955 58957 -120.0 2.5
58987 58990 58992 58994  0.0 0.0
59086 59097 59089 59091 -120.0 2.5
59121 59124 59126 59128  0.0 0.0
59220 59231 59223 59225 -120.0 2.5
59255 59258 59260 59262  0.0 0.0
59354 59365 59357 59359 -120.0 2.5
59389 59392 59394 59396  0.0 0.0
59488 59499 59491 59493 -120.0 2.5
59523 59526 59528 59530  0.0 0.0
59613 59624 59616 59618 -120.0 2.5
59648 59651 59653 59655  0.0 0.0
59747 59758 59750 59752 -120.0 2.5
59782 59785 59787 59789  0.0 0.0
59872 59883 59875 59877 -120.0 2.5
59907 59910 59912 59914  0.0 0.0
59997 60008 60000 60002 -120.0 2.5
60032 60035 60037 60039  0.0 0.0
60131 60142 60134 60136 -120.0 2.5
60166 60169 60171 60173  0.0 0.0
60265 60276 60268 60270 -120.0 2.5
60300 60303 60305 60307  0.0 0.0
60390 60401 60393 60395 -120.0 2.5
60425 60428 60430 60432  0.0 0.0
60524 60535 60527 60529 -120.0 2.5
60559 60562 60564 60566  0.0 0.0
60658 60669 60661 60663 -120.0 2.5
60693 60696 60698 60700  0.0 0.0
60792 60803 60795 60797 -120.0 2.5
60827 60830 60832 60834  0.0 0.0
60926 60937 60929 60931 -120.0 2.5
60961 60964 60966 60968  0.0 0.0
61060 61071 61063 61065 -120.0 2.5
61095 61098 61100 61102  0.0 0.0
61194 61205 61197 61199 -120.0 2.5
61229 61232 61234 61236  0.0 0.0
61319 61330 61322 61324 -120.0 2.5
61354 61357 61359 61361  0.0 0.0
61453 61464 61456 61458 -120.0 2.5
61488 61491 61493 61495  0.0 0.0
61578 61589 61581 61583 -120.0 2.5
61613 61616 61618 61620  0.0 0.0
61712 61723 61715 61717 -120.0 2.5
61747 61750 61752 61754  0.0 0.0
61846 61857 61849 61851 -120.0 2.5
61881 61884 61886 61888  0.0 0.0
61980 61991 61983 61985 -120.0 2.5
62015 62018 62020 62022  0.0 0.0
62114 62125 62117 62119 -120.0 2.5
62149 62152 62154 62156  0.0 0.0
62248 62259 62251 62253 -120.0 2.5
62283 62286 62288 62290  0.0 0.0
62382 62393 62385 62387 -120.0 2.5
62417 62420 62422 62424  0.0 0.0
62516 62527 62519 62521 -120.0 2.5
62551 62554 62556 62558  0.0 0.0
62650 62661 62653 62655 -120.0 2.5
62685 62688 62690 62692  0.0 0.0
62784 62795 62787 62789 -120.0 2.5
62819 62822 62824 62826  0.0 0.0
