7578
7703
7828
7962
8087
8212
8346
8480
8614
8739
8873
9007
9141
9275
9409
9543
9677
9811
9945
10070
10204
10329
10463
10588
10722
10856
10990
11124
11249
11374
11508
11642
11767
11892
12026
12151
12276
12410
12544
12678
12812
12946
13080
13214
13348
13473
13607
13741
13875
14009
14143
14277
14402
14536
14670
14804
14938
15072
15206
15331
15465
15590
15724
15858
15983
16108
16242
16376
16501
16635
16769
16903
17028
17162
17287
17421
17555
17689
17814
17948
18073
18207
18341
18475
18609
18743
18877
19002
19136
19270
19404
19529
19663
19797
19922
20056
20190
20315
20449
20583
20717
20842
20976
21110
21235
21369
21503
21637
21771
21905
22030
22155
22289
22423
22557
22682
22816
22950
23084
23209
23343
23477
23602
23736
23870
24004
24138
24272
24406
24540
24674
24808
24942
25076
25210
25335
25469
25603
25728
25862
25996
26130
26264
26398
26532
26666
26800
26934
27059
27184
27318
27452
27586
27720
27854
27988
28113
28238
28372
28506
28640
28765
28890
29024
29158
29292
29426
29560
29694
29828
29962
30087
30221
30355
30489
30623
30757
30891
31016
31150
31284
31418
31543
31677
31811
31936
32070
32204
32338
32472
32606
32740
32874
33008
33133
33267
33401
33535
33660
33794
33928
34062
34196
34330
34455
34580
34705
34839
34973
35107
35241
35375
35509
35643
35777
35902
36036
36170
36304
36429
36563
36697
36831
36965
37099
37233
37367
37501
37626
37760
37894
38028
38153
38287
38421
38555
38689
38823
38957
39091
39216
39341
39475
39600
39734
39868
39993
40118
40252
40377
40511
40636
40770
40904
41038
41172
41297
41431
41556
41690
41815
41949
42083
42208
42333
42458
42583
42717
42842
42976
43110
43244
43378
43512
43646
43780
43914
44048
44182
44316
44441
44575
44709
44843
44977
45111
45245
45379
45513
45638
45763
45897
46031
46156
46281
46415
46540
46674
46808
46942
47076
47201
47335
47460
47594
47728
47853
47978
48103
48237
48371
48505
48639
48773
48907
49041
49175
49309
49443
49577
49711
49845
49970
50104
50238
50363
50497
50631
50765
50899
51024
51158
51283
51408
51542
51676
51810
51944
52078
52212
52346
52471
52596
52730
52864
52998
53132
53266
53400
53534
53668
53802
53936
54061
54195
54329
54463
54597
54731
54865
54999
55133
55267
55401
55535
55669
55803
55937
56062
56196
56330
56455
56589
56714
56848
56982
57116
57250
57384
57509
57634
57768
57902
58036
58161
58286
58420
58545
58679
58813
58947
59081
59215
59349
59483
59608
59742
59867
59992
60126
60260
60385
60519
60653
60787
60921
61055
61189
61314
61448
61573
61707
61841
61975
62109
62243
62377
62511
62645
62779
